3,1
82280.015625
44652.792969
96172.750000

1,3
60583.433594,88061.679688,119771.101562

4,13
118892.343750,110538.703125,43722.648438,17101.531250,35756.996094,111615.500000,106795.117188,69354.195312,45130.128906,17507.660156,22862.175781,87905.273438,73843.250000
52396.832031,14211.980469,61751.765625,20156.824219,65607.953125,69275.703125,44931.535156,121381.648438,59906.398438,97489.585938,80204.968750,104559.195312,70205.640625
17331.703125,69164.171875,66520.046875,47044.378906,114802.726562,61955.687500,34126.382812,35068.683594,79057.218750,69883.375000,23227.484375,62395.632812,15780.866211
68357.609375,79903.296875,38643.042969,32806.179688,30289.843750,91039.867188,47018.164062,92041.609375,111196.695312,112626.117188,37860.621094,32671.529297,110551.070312

13,4
97767.023438,6704.417969,67299.335938,78869.515625
76910.062500,84631.039062,24576.988281,19973.406250
8218.715820,15923.019531,81929.093750,42345.093750
50991.703125,37529.613281,112228.476562,74219.187500
99925.250000,4552.638672,19120.099609,56371.847656
43195.679688,51926.281250,86661.687500,10778.850586
98944.437500,55246.601562,121975.546875,88113.859375
93107.218750,31190.375000,75208.226562,67417.539062
37894.792969,19050.863281,22830.361328,114804.851562
103681.898438,47407.351562,11321.559570,111900.617188
63330.367188,93250.656250,30789.011719,114322.070312
7323.566895,19560.785156,65084.558594,107248.820312
24113.423828,84204.656250,40163.960938,67309.109375

1,10
78087.953125,111618.679688,58615.554688,76606.796875,76275.835938,28266.080078,107797.171875,28027.371094,95683.625000,22235.265625

10,1
47078.234375
118513.984375
13583.419922
27303.435547
42464.636719
24904.978516
15747.351562
105795.000000
118155.632812
46536.367188

5,5
66097.156250,38288.234375,109271.312500,90210.578125,122492.882812
25978.578125,34062.980469,11710.427734,29347.531250,112150.937500
123329.109375,87963.085938,65301.035156,76148.250000,116229.164062
49641.507812,104175.617188,88456.093750,71876.773438,27797.156250
83513.375000,85460.195312,55100.589844,2521.313232,110365.171875

5,5
70847.945312,108316.312500,105064.101562,117384.304688,81519.992188
107086.601562,60024.753906,119808.226562,92901.226562,26778.630859
118844.414062,118879.804688,60841.609375,7098.143555,24770.632812
49535.847656,6970.553223,112733.718750,114836.875000,83118.804688
105506.187500,41021.687500,63837.726562,70505.578125,112898.460938

5,7
74901.953125,23278.771484,33083.566406,61810.429688,94126.710938,17943.187500,43417.832031
88054.320312,99463.179688,27047.740234,24622.375000,95814.703125,119948.960938,51401.007812
91202.421875,115372.062500,112242.617188,98300.562500,16686.000000,38321.761719,105271.117188
5963.018066,29701.941406,64933.222656,111469.203125,70723.625000,5314.247559,58518.082031
60165.386719,96949.125000,89080.335938,11610.635742,120227.898438,122163.906250,73421.054688

7,5
90897.914062,16650.392578,116838.898438,55495.535156,116113.578125
20429.933594,80117.906250,88471.570312,16922.197266,8062.214844
56217.296875,8837.562500,120304.828125,31061.160156,25523.560547
35169.898438,12875.580078,31486.580078,64871.835938,77808.804688
19499.082031,12138.764648,83123.046875,78017.164062,72304.148438
56615.476562,43640.804688,83914.789062,53386.675781,42348.007812
33879.144531,20827.890625,58998.402344,27261.339844,76323.421875

9,11
32984.628906,16670.148438,64613.468750,41046.843750,72887.453125,73451.039062,37894.980469,103948.609375,98974.593750,73064.882812,116824.187500
7004.474121,14480.016602,71176.289062,26503.556641,26618.781250,30842.638672,104520.726562,98922.929688,87458.117188,24704.824219,59381.015625
17388.093750,67052.835938,93260.164062,38215.984375,2594.533936,120521.507812,114539.406250,54249.804688,44756.074219,24067.332031,70919.953125
109369.546875,65114.179688,20350.703125,59363.878906,103009.156250,842.611694,34881.773438,52617.335938,117666.796875,41886.250000,67097.351562
65386.394531,68389.804688,93716.132812,96229.031250,49453.832031,69182.359375,60230.445312,74158.656250,5106.675781,77618.539062,17754.789062
98366.835938,115834.523438,20349.324219,95431.640625,106917.226562,74599.132812,16731.013672,7527.856934,22062.384766,2643.860840,72642.031250
42413.089844,62007.742188,52194.492188,43255.699219,96889.515625,104811.820312,37465.800781,15319.067383,48452.468750,102852.195312,83708.875000
18711.900391,75624.523438,9706.006836,87894.265625,12398.267578,83864.656250,93000.937500,90016.804688,101619.453125,67911.078125,82394.625000
121968.781250,39886.011719,65855.148438,73111.203125,56617.027344,73383.007812,95173.585938,59260.890625,22568.343750,14129.977539,121268.632812

12,9
74762.828125,57385.675781,94701.445312,56117.957031,94851.476562,110020.515625,104570.421875,74246.960938,70272.695312
123282.320312,26414.789062,79978.695312,87719.882812,38813.058594,40386.660156,57264.128906,5373.165039,18549.412109
1718.501099,87767.789062,17061.486328,41604.515625,30166.246094,90172.687500,98221.539062,103549.257812,61889.578125
34025.726562,2660.898926,76019.554688,31837.658203,77423.734375,9948.532227,3082.406738,10084.987305,104800.007812
113102.921875,114655.414062,55590.277344,59918.914062,114481.039062,82005.070312,16440.912109,78744.226562,120818.125000
56827.570312,12551.655273,2734.589355,75376.984375,14270.156250,90502.382812,92438.468750,55874.671875,120668.625000
59154.457031,30639.511719,100761.179688,121044.039062,64665.246094,103422.085938,73606.890625,96502.906250,57389.113281
83555.421875,99585.304688,67474.101562,64898.734375,89231.531250,58672.816406,120489.007812,25693.744141,49697.156250
79037.382812,42134.656250,4984.685547,76398.804688,98962.226562,17536.341797,79133.382812,50882.511719,31806.498047
46179.074219,19864.281250,87681.164062,43391.000000,79018.742188,118320.679688,20695.484375,76606.078125,59529.222656
660.866821,26756.269531,32575.423828,58049.980469,110311.695312,8704.031250,2067.383789,51753.726562,97935.562500
60740.199219,48786.035156,172.605453,110437.351562,4366.711426,42307.261719,115422.046875,80765.515625,17812.791016

10,11
68695.304688,41308.179688,82621.273438,88559.578125,5532.646973,2555.575195,44121.625000,396.628143,23251.058594,120727.703125,59925.851562
23911.925781,24027.271484,92501.273438,81961.906250,10882.263672,101205.312500,84029.296875,62635.988281,75684.164062,21312.791016,111422.023438
75856.773438,8293.446289,115788.734375,118164.031250,258.787750,73097.546875,12520.125000,9760.469727,109539.750000,81215.429688,51068.648438
68704.328125,46318.312500,56601.292969,71259.898438,90439.937500,56997.921875,94510.960938,87710.937500,116923.781250,118422.882812,111738.210938
85968.351562,76928.093750,122620.476562,63716.957031,37500.683594,61799.765625,15944.421875,58813.476562,49765.093750,91801.195312,67106.921875
42097.125000,86508.531250,67365.710938,115194.679688,99028.648438,77126.179688,101277.726562,56787.382812,4738.129395,46525.351562,103105.695312
61339.425781,117785.250000,70088.929688,118337.351562,88839.507812,34343.171875,111804.429688,83805.695312,22624.681641,74316.078125,37277.089844
21788.457031,14576.329102,74777.773438,83588.218750,30520.751953,10134.552734,9896.612305,122321.945312,77241.476562,51993.738281,85373.773438
21150.488281,43731.714844,60945.730469,98276.671875,21552.742188,117733.109375,103014.796875,68078.093750,97382.109375,40897.523438,62406.644531
44014.343750,35778.171875,27789.455078,78357.507812,24125.896484,111595.148438,100982.195312,98441.968750,25415.541016,122770.648438,113018.296875

11,10
100193.320312,82902.171875,20082.349609,110327.875000,92798.789062,18947.595703,64112.644531,21335.824219,104321.375000,85263.132812
65067.539062,41810.406250,60083.105469,86620.281250,36086.820312,39641.199219,31241.673828,10012.231445,80538.726562,93648.320312
54026.574219,116316.890625,121437.773438,8927.388672,16986.091797,109576.234375,109909.585938,115428.062500,11535.069336,109223.531250
104989.656250,111728.390625,68669.007812,1615.309570,98599.554688,38011.093750,20562.906250,39255.503906,59346.917969,1427.580566
1061.939209,957.759277,43237.988281,61145.042969,87578.039062,79324.804688,100786.242188,118819.718750,89337.039062,57868.269531
89011.335938,19906.914062,50728.460938,86992.414062,28834.302734,67714.554688,73111.937500,15287.188477,59685.917969,84647.007812
1054.024536,41218.875000,72918.695312,69723.031250,42834.183594,48061.550781,107734.132812,63397.085938,87317.062500,43624.351562
64824.667969,88378.992188,44582.109375,108062.656250,26067.339844,8703.449219,63930.769531,3396.882812,4066.465576,29811.107422
61265.148438,93077.804688,49718.023438,111993.609375,56613.511719,78552.320312,56251.468750,6268.751953,93839.515625,115937.382812
90915.757812,94893.539062,33699.558594,40377.753906,41159.871094,76533.742188,88439.304688,25437.302734,16474.132812,52299.667969
69061.648438,81298.804688,17221.964844,113643.757812,65904.765625,43289.300781,122347.210938,6378.831055,46686.187500,2956.973877

11,9
96034.781250,85907.960938,96488.242188,29191.589844,41003.585938,29283.013672,35460.339844,11386.401367,21763.697266
2919.401611,106279.945312,55463.250000,43297.156250,23983.115234,8540.294922,8279.766602,49420.414062,25014.427734
60579.429688,118482.070312,106313.234375,77801.390625,108669.132812,48761.296875,121090.695312,107559.640625,55140.128906
44320.187500,110516.609375,91330.070312,28814.822266,83094.687500,53781.328125,1846.369507,112286.273438,94784.914062
31129.382812,24289.914062,106171.312500,52893.078125,27209.316406,88994.554688,108356.328125,70506.476562,112977.671875
116896.625000,78786.234375,38941.390625,18454.355469,15908.971680,33966.757812,1310.887939,93710.367188,19179.181641
50072.183594,91344.367188,3282.117432,105212.312500,12207.855469,113798.726562,73085.679688,41022.675781,73436.710938
3410.308105,42869.046875,62266.285156,98195.226562,73998.429688,86556.195312,80909.835938,3434.809326,113765.515625
46447.699219,111791.148438,60815.292969,35968.671875,105231.070312,16144.832031,74910.062500,228.723572,32053.802734
108876.820312,1539.611450,2307.472656,4599.298828,51611.796875,93651.835938,7881.416016,33367.410156,105859.703125
121680.140625,106453.085938,23425.675781,71660.156250,109863.398438,66294.726562,10469.738281,84601.914062,16836.451172

9,11
97025.937500,42055.058594,20271.261719,87334.750000,88502.757812,8605.703125,24693.345703,1014.733398,113836.773438,40838.175781,75924.789062
114065.492188,72891.984375,61344.910156,115605.101562,75199.453125,65944.203125,43760.199219,45394.597656,73825.625000,77127.609375,27797.591797
72049.070312,60124.000000,51223.265625,20252.521484,46530.695312,117517.992188,30722.261719,7675.916992,10897.740234,4291.498047,49730.976562
31169.001953,91626.250000,14777.040039,39774.703125,116319.601562,15791.773438,30154.775391,33701.074219,91716.562500,20763.570312,106593.054688
29604.777344,12911.976562,58335.808594,95548.984375,56672.179688,103730.406250,45917.914062,10343.090820,8071.295410,117966.976562,70467.093750
59294.562500,14762.801758,116997.781250,53355.851562,45485.062500,1217.003540,64253.589844,49776.558594,50947.980469,95422.585938,17946.111328
65725.023438,11740.594727,10809.010742,81516.796875,41895.371094,44510.085938,49776.664062,62658.941406,27646.443359,79381.437500,75570.914062
85982.250000,51473.726562,8786.397461,66255.953125,97391.640625,19129.488281,74327.250000,91901.914062,89596.578125,10165.112305,106664.718750
83137.664062,63520.960938,28693.080078,84354.671875,4317.853516,78469.640625,11845.950195,99740.445312,96415.750000,77570.976562,111481.039062

4,7
29919.710938,28278.150391,85407.734375,92578.656250,55924.589844,41332.472656,44692.871094
18450.144531,92806.195312,53479.269531,84706.101562,66741.132812,72608.757812,35576.648438
35186.355469,38748.632812,45741.761719,18394.371094,121886.296875,109262.726562,47087.449219
82784.265625,113580.578125,2100.391602,94630.218750,89864.320312,98516.140625,48744.488281

7,4
77888.664062,82284.203125,84375.562500,107808.375000
110562.359375,46326.589844,76930.328125,43030.250000
87659.062500,121623.195312,61480.394531,57008.558594
51645.765625,22729.791016,292.997375,797.820862
58306.441406,35479.351562,39546.453125,104048.203125
53873.722656,37976.050781,89854.226562,100961.171875
120760.320312,79978.101562,103061.562500,91933.835938

10,10
17221.621094,817.689758,36948.515625,101597.179688,108626.070312,24054.171875,24467.070312,62099.695312,67084.421875,112126.132812
60266.191406,5108.115723,45677.992188,111911.960938,27837.908203,45970.992188,112709.773438,86144.343750,81450.343750,28799.531250
66735.851562,11867.365234,66775.578125,33133.378906,112828.546875,64079.199219,113111.484375,92433.406250,32556.333984,36040.507812
47097.718750,49777.953125,36858.199219,84046.234375,27918.435547,22027.560547,108100.414062,52385.503906,84127.250000,51728.132812
41054.937500,20936.744141,56836.246094,86732.929688,9392.000977,84674.156250,9247.222656,122101.773438,47361.800781,90697.562500
27444.609375,114097.648438,102564.929688,94220.195312,23774.328125,91936.773438,34842.695312,13429.109375,60913.476562,67399.031250
49469.613281,108011.195312,117176.976562,86327.812500,68600.742188,21638.718750,108355.375000,53244.445312,74024.226562,69025.921875
104972.578125,115079.164062,89962.664062,38352.125000,78355.390625,99354.664062,123026.281250,87602.617188,97999.742188,46931.382812
54843.480469,1987.657104,37572.339844,33951.710938,96207.843750,61346.667969,2431.782471,7593.841797,74775.773438,63345.261719
74992.867188,788.689026,47899.757812,68713.148438,87116.500000,116500.500000,90351.859375,72015.171875,46288.242188,40919.390625

10,10
17584.394531,27804.117188,32541.853516,107547.062500,66156.242188,110897.242188,83445.039062,65725.828125,75043.164062,57988.082031
112657.210938,6429.946289,59975.738281,26772.843750,40381.656250,32726.888672,88119.507812,42813.441406,40320.726562,39438.582031
106158.703125,115313.593750,40227.269531,30601.761719,60570.046875,3887.071777,23645.556641,27465.210938,75902.242188,69933.796875
68384.601562,93486.640625,97737.914062,100926.453125,77577.000000,40437.457031,88367.000000,37565.335938,106163.281250,39953.468750
95553.414062,95363.789062,46383.414062,32072.455078,122136.632812,86765.070312,64799.339844,86799.445312,6121.812012,105120.070312
2781.324463,112280.515625,96976.968750,43008.597656,19425.576172,34090.316406,46895.667969,43071.136719,61555.527344,122797.914062
113004.929688,6483.427734,92827.851562,87286.148438,107409.882812,46948.152344,4266.906738,72320.179688,84513.492188,110430.187500
112273.656250,56610.207031,82337.281250,35200.367188,88682.664062,81017.210938,121965.437500,30025.302734,44359.953125,4630.550293
11688.673828,47141.277344,116911.062500,108665.640625,90149.867188,12879.939453,19299.253906,13588.840820,55951.074219,80854.781250
12930.052734,45499.308594,87338.210938,105757.898438,9328.754883,71291.390625,29249.355469,13595.662109,20154.876953,113762.843750
