3,3
4984805862.730470,7245716380.692386,9854768107.944822,
2705219517.624042,3932199951.610657,5348114201.717058,
5826475413.177363,8469133905.214103,11518716207.746836,

4,4
54172850598.325394,37271051143.927704,55437952014.021652,56162098492.269745,
52962713651.085289,34657049468.685913,47630198852.288620,68009996416.370155,
43299137049.162704,25047750055.753178,35966226253.394844,48873098106.742821,
56193929293.817093,40337003113.502953,46084183068.446281,64737667872.518318,

1,1
40738421069.494118,

5,5
39161704234.493103,28101476761.378265,36169367408.249115,31087348529.835732,30447719083.839851,
20166309299.499615,11055848407.779444,17990839737.515766,17574537756.473034,18421008125.759956,
41952909280.905762,31700203118.920364,43473464467.547562,40051727923.316414,33478312262.241066,
31678573151.197575,23787051138.137829,32955890688.828403,26347009162.886284,18140136796.560684,
33385894129.555042,25270875915.255051,29695199399.280319,26204528300.284866,23131019767.675163,

5,5
15639955838.509239,7030355567.750508,28628663499.086563,19073076402.402920,25418025739.516304,
22823185982.500626,17459300039.377903,-nan,24287318081.973110,29562888783.526997,
26475812692.663834,17087067384.429689,48275196786.583519,23094497451.212006,32897443570.351685,
12382022384.555826,6797249704.213962,24423234548.405556,17478304063.403721,21067422831.003471,
24613916856.704838,18025839955.329479,51266065140.360687,26402965246.096725,30414820045.247742,

10,10
40176891615.898117,47329177000.409248,29836471350.278858,30006422629.339378,30694208854.816357,31754938340.715225,41436647202.696335,21986506383.133919,28171524512.182663,30536204255.169006,
45000251101.320671,52053718925.321266,39709505177.443367,49773591919.923248,34347240399.385746,39356675685.972351,55463557550.591187,24752925245.964554,37620610129.618202,39457426490.861343,
51575963083.326233,58194345687.138298,38326946608.691376,39965180519.026230,36787433332.616898,41633334064.854805,47214306574.620537,24758797496.502277,36449964682.091011,44197914146.558258,
57038695707.575569,66251236137.840263,45261756006.309731,69343441060.202347,50791343521.338722,51473218546.314499,73331257463.217392,33625467210.183868,54010021943.198036,53355268149.097466,
52332990812.578484,57645508227.110565,40879394440.287704,49388548880.368896,37419990179.043991,42814392848.482658,55606533483.155243,28945894060.955662,38345270619.730591,48637485300.719078,
47979594585.526184,51875081313.698570,43824326520.839447,53014391725.452026,45224239811.509277,42823425510.997292,62331493756.578346,35492325828.574928,47521605256.736427,40870736303.689568,
49439478777.359840,56356412325.868774,46689839354.963470,52829047937.308952,45342001799.939102,42563806393.213058,59022739948.324150,35947304502.440178,48894122023.676796,46128430553.849487,
40177115192.305748,50966567215.721741,31205669162.099724,41577487576.515701,30777095795.460350,30751930801.835751,43881762698.697731,19699266093.943142,26053946021.571922,30138828747.379189,
47593829204.256264,52296956307.922325,41947689876.490173,52572959281.643936,37044987898.608963,41254784385.341782,54402164177.832870,24953521663.195068,43213798529.946373,44045865305.874214,
53436900155.492767,55443138673.100555,37592767146.789894,57838984111.537193,39736456478.870773,39741347361.847626,62483313263.639717,22893131593.995869,40161685134.274971,38134424393.535248,

11,11
35048027941.907104,22123338700.852879,19516399601.165138,32394960038.609631,29189032926.956032,26084574774.907013,16608939286.449625,13042402448.303741,26925115152.362106,23818159662.529427,27324987119.866554,
25841251874.822430,19837311078.487514,13699460691.053867,24193528824.173103,22883279409.166885,20010303832.452023,13764235405.299513,14941137997.441431,20451285561.148369,16197535160.167919,21078443222.434437,
57376788476.359070,37288404193.307701,30972016531.511414,58869104789.408783,52430952699.753807,45162654282.455040,35091212922.887077,35401156788.100731,45599899772.846626,46139150937.702332,56776651340.492691,
47689830595.282028,31740165280.212395,27647992060.110069,46037597638.484367,38412397958.426147,37210096666.418365,26437244892.658165,30159372571.874508,39503314555.401253,34898989741.790955,43554333143.249756,
43748313738.509315,28052510582.896606,25372981880.257191,40163489948.884956,33158476440.131676,33149743970.143883,25628533425.915821,32980621998.191544,36304425630.347977,34482440349.440552,45775206903.049873,
35932814393.960449,21455348186.495438,15760136250.069244,32105900037.296211,31939844328.889889,16116758490.400251,18257798691.076920,17078468134.699570,33381009346.114952,19063047618.926991,28932518957.300068,
40338570167.690025,28073649850.172325,25625290159.901169,41292888928.414940,36933840570.637230,19706898959.281338,23936712751.677814,29233231862.006805,40801944663.655334,35502994123.870865,38707119440.311707,
35161993923.076912,26595693954.055153,25952105306.885002,38528948465.423248,30191032131.405224,32099774208.807884,21423968152.293613,27542974559.607845,31758273490.748543,38023100455.234810,40945378031.818245,
34441590076.054527,21578606912.195915,21205124591.792000,39384045354.602142,29528109225.661301,32275782608.556385,18986798408.554913,16604756862.096935,24356058544.762089,33916461145.032921,30456345509.703114,
30318038998.845772,15834558706.395248,19871361648.946171,31627730809.341221,21615734708.691078,16145854801.238712,15479288181.485546,19667439844.604240,31556814351.471478,28871927805.619595,30187953820.734421,
44415655270.644730,28795652676.656258,26760738877.650051,48171735941.506485,46192203816.833405,26834092840.258133,26856875965.867504,22097331834.549149,42295464805.568405,37051496918.678604,41624814198.300194,

4,4
28609586266.622711,23392068163.102913,20509599997.974224,23485859348.753941,
32859972617.566563,22217900405.578682,24839261467.411591,26644568233.239777,
30663871319.404778,22911511095.979366,28258219234.996925,36125367401.096085,
40510560991.071159,25308093025.988625,33309209308.156116,37785269932.992783,

10,10
33682518053.706951,39240757241.408401,44417000530.736801,41246564518.739586,40255224250.303062,31471005890.099243,31780265185.407272,22533021174.911224,27897226547.938477,43215932219.080322,
40658175661.797005,36011861788.283096,50385666745.845078,46947839147.140892,47291867525.801102,30908963847.219120,33810016860.106350,26270710849.660141,41561259588.551559,42640772399.362007,
46830991256.228096,39824691162.518204,45320149044.072601,39733176565.259888,50152173464.418770,37150425367.733154,34876408903.603958,32414424225.026039,34915420604.952126,49712261892.917374,
38574859955.935593,28858580977.373276,46347701223.558357,43743177978.367897,42039601961.853058,27657809178.818298,29444102289.148773,24005504090.477230,35997864730.695084,41136529667.407852,
32658519686.482388,39672927722.093033,46372648312.178787,39255517313.917183,33461816052.643616,30070183566.164864,37357012424.464661,19087736499.968822,33392472343.592716,37765577643.160370,
40223916671.416046,41646366572.559975,48437524670.467293,40632032178.675552,35687877992.937073,24496551530.005657,33881023751.997726,23735654266.983532,38559408324.365791,47319812189.679588,
57976595494.561600,42971115401.534210,55644739248.593987,50317579263.126228,53905368075.913635,34932268190.263123,39909077217.286659,32602813842.628998,44930585053.734169,54690740454.138733,
60237208732.210350,48757824779.840660,65144257496.785744,57215107093.365807,61771596327.145683,44974659660.827316,48626588405.534225,40315765430.530701,50725526715.591362,66140977214.266922,
19682810309.027664,31959914374.747723,32270954294.826847,31556317940.089363,29826928239.655991,24313294260.301826,21983782341.984222,19271340674.969536,21020096487.874874,38445363563.560265,
39205508015.033653,44132406447.700348,49771227805.981689,44070649067.257751,46773936427.528732,36427007678.291389,35899412543.602982,31320886893.980026,38539718388.591705,52647423451.175667,

3,3
4984805862.730470,7245716380.692386,9854768107.944822,
2705219517.624042,3932199951.610657,5348114201.717058,
5826475413.177363,8469133905.214103,11518716207.746836,

4,4
54172850598.325394,37271051143.927704,55437952014.021652,56162098492.269745,
52962713651.085289,34657049468.685913,47630198852.288620,68009996416.370155,
43299137049.162704,25047750055.753178,35966226253.394844,48873098106.742821,
56193929293.817093,40337003113.502953,46084183068.446281,64737667872.518318,

1,1
40738421069.494118,

5,5
39161704234.493103,28101476761.378265,36169367408.249115,31087348529.835732,30447719083.839851,
20166309299.499615,11055848407.779444,17990839737.515766,17574537756.473034,18421008125.759956,
41952909280.905762,31700203118.920364,43473464467.547562,40051727923.316414,33478312262.241066,
31678573151.197575,23787051138.137829,32955890688.828403,26347009162.886284,18140136796.560684,
33385894129.555042,25270875915.255051,29695199399.280319,26204528300.284866,23131019767.675163,

5,5
15639955838.509239,7030355567.750508,28628663499.086563,19073076402.402920,25418025739.516304,
22823185982.500626,17459300039.377903,44179560759.623329,24287318081.973110,29562888783.526997,
26475812692.663834,17087067384.429689,48275196786.583519,23094497451.212006,32897443570.351685,
12382022384.555826,6797249704.213962,24423234548.405556,17478304063.403721,21067422831.003471,
24613916856.704838,18025839955.329479,51266065140.360687,26402965246.096725,30414820045.247742,

10,10
40176891615.898117,47329177000.409248,29836471350.278858,30006422629.339378,30694208854.816357,31754938340.715225,41436647202.696335,21986506383.133919,28171524512.182663,30536204255.169006,
45000251101.320671,52053718925.321266,39709505177.443367,49773591919.923248,34347240399.385746,39356675685.972351,55463557550.591187,24752925245.964554,37620610129.618202,39457426490.861343,
51575963083.326233,58194345687.138298,38326946608.691376,39965180519.026230,36787433332.616898,41633334064.854805,47214306574.620537,24758797496.502277,36449964682.091011,44197914146.558258,
57038695707.575569,66251236137.840263,45261756006.309731,69343441060.202347,50791343521.338722,51473218546.314499,73331257463.217392,33625467210.183868,54010021943.198036,53355268149.097466,
52332990812.578484,57645508227.110565,40879394440.287704,49388548880.368896,37419990179.043991,42814392848.482658,55606533483.155243,28945894060.955662,38345270619.730591,48637485300.719078,
47979594585.526184,51875081313.698570,43824326520.839447,53014391725.452026,45224239811.509277,42823425510.997292,62331493756.578346,35492325828.574928,47521605256.736427,40870736303.689568,
49439478777.359840,56356412325.868774,46689839354.963470,52829047937.308952,45342001799.939102,42563806393.213058,59022739948.324150,35947304502.440178,48894122023.676796,46128430553.849487,
40177115192.305748,50966567215.721741,31205669162.099724,41577487576.515701,30777095795.460350,30751930801.835751,43881762698.697731,19699266093.943142,26053946021.571922,30138828747.379189,
47593829204.256264,52296956307.922325,41947689876.490173,52572959281.643936,37044987898.608963,41254784385.341782,54402164177.832870,24953521663.195068,43213798529.946373,44045865305.874214,
53436900155.492767,55443138673.100555,37592767146.789894,57838984111.537193,39736456478.870773,39741347361.847626,62483313263.639717,22893131593.995869,40161685134.274971,38134424393.535248,

11,11
35048027941.907104,22123338700.852879,19516399601.165138,32394960038.609631,29189032926.956032,26084574774.907013,16608939286.449625,13042402448.303741,26925115152.362106,23818159662.529427,27324987119.866554,
25841251874.822430,19837311078.487514,13699460691.053867,24193528824.173103,22883279409.166885,20010303832.452023,13764235405.299513,14941137997.441431,20451285561.148369,16197535160.167919,21078443222.434437,
57376788476.359070,37288404193.307701,30972016531.511414,58869104789.408783,52430952699.753807,45162654282.455040,35091212922.887077,35401156788.100731,45599899772.846626,46139150937.702332,56776651340.492691,
47689830595.282028,31740165280.212395,27647992060.110069,46037597638.484367,38412397958.426147,37210096666.418365,26437244892.658165,30159372571.874508,39503314555.401253,34898989741.790955,43554333143.249756,
43748313738.509315,28052510582.896606,25372981880.257191,40163489948.884956,33158476440.131676,33149743970.143883,25628533425.915821,32980621998.191544,36304425630.347977,34482440349.440552,45775206903.049873,
35932814393.960449,21455348186.495438,15760136250.069244,32105900037.296211,31939844328.889889,16116758490.400251,18257798691.076920,17078468134.699570,33381009346.114952,19063047618.926991,28932518957.300068,
40338570167.690025,28073649850.172325,25625290159.901169,41292888928.414940,36933840570.637230,19706898959.281338,23936712751.677814,29233231862.006805,40801944663.655334,35502994123.870865,38707119440.311707,
35161993923.076912,26595693954.055153,25952105306.885002,38528948465.423248,30191032131.405224,32099774208.807884,21423968152.293613,27542974559.607845,31758273490.748543,38023100455.234810,40945378031.818245,
34441590076.054527,21578606912.195915,21205124591.792000,39384045354.602142,29528109225.661301,32275782608.556385,18986798408.554913,16604756862.096935,24356058544.762089,33916461145.032921,30456345509.703114,
30318038998.845772,15834558706.395248,19871361648.946171,31627730809.341221,21615734708.691078,16145854801.238712,15479288181.485546,19667439844.604240,31556814351.471478,28871927805.619595,30187953820.734421,
44415655270.644730,28795652676.656258,26760738877.650051,48171735941.506485,46192203816.833405,26834092840.258133,26856875965.867504,22097331834.549149,42295464805.568405,37051496918.678604,41624814198.300194,

4,4
28609586266.622711,23392068163.102913,20509599997.974224,23485859348.753941,
32859972617.566563,22217900405.578682,24839261467.411591,26644568233.239777,
30663871319.404778,22911511095.979366,28258219234.996925,36125367401.096085,
40510560991.071159,25308093025.988625,33309209308.156116,37785269932.992783,

10,10
33682518053.706951,39240757241.408401,44417000530.736801,41246564518.739586,40255224250.303062,31471005890.099243,31780265185.407272,22533021174.911224,27897226547.938477,43215932219.080322,
40658175661.797005,36011861788.283096,50385666745.845078,46947839147.140892,47291867525.801102,30908963847.219120,33810016860.106350,26270710849.660141,41561259588.551559,42640772399.362007,
46830991256.228096,39824691162.518204,45320149044.072601,39733176565.259888,50152173464.418770,37150425367.733154,34876408903.603958,32414424225.026039,34915420604.952126,49712261892.917374,
38574859955.935593,28858580977.373276,46347701223.558357,43743177978.367897,42039601961.853058,27657809178.818298,29444102289.148773,24005504090.477230,35997864730.695084,41136529667.407852,
32658519686.482388,39672927722.093033,46372648312.178787,39255517313.917183,33461816052.643616,30070183566.164864,37357012424.464661,19087736499.968822,33392472343.592716,37765577643.160370,
40223916671.416046,41646366572.559975,48437524670.467293,40632032178.675552,35687877992.937073,24496551530.005657,33881023751.997726,23735654266.983532,38559408324.365791,47319812189.679588,
57976595494.561600,42971115401.534210,55644739248.593987,50317579263.126228,53905368075.913635,34932268190.263123,39909077217.286659,32602813842.628998,44930585053.734169,54690740454.138733,
60237208732.210350,48757824779.840660,65144257496.785744,57215107093.365807,61771596327.145683,44974659660.827316,48626588405.534225,40315765430.530701,50725526715.591362,66140977214.266922,
19682810309.027664,31959914374.747723,32270954294.826847,31556317940.089363,29826928239.655991,24313294260.301826,21983782341.984222,19271340674.969536,21020096487.874874,38445363563.560265,
39205508015.033653,44132406447.700348,49771227805.981689,44070649067.257751,46773936427.528732,36427007678.291389,35899412543.602982,31320886893.980026,38539718388.591705,52647423451.175667,

3,3
4984805862.730470,7245716380.692386,9854768107.944822,
2705219517.624042,3932199951.610657,5348114201.717058,
5826475413.177363,8469133905.214103,11518716207.746836,

4,4
54172850598.325394,37271051143.927704,55437952014.021652,56162098492.269745,
52962713651.085289,34657049468.685913,47630198852.288620,68009996416.370155,
43299137049.162704,25047750055.753178,35966226253.394844,48873098106.742821,
56193929293.817093,40337003113.502953,46084183068.446281,64737667872.518318,

1,1
40738421069.494118,

5,5
39161704234.493103,28101476761.378265,36169367408.249115,31087348529.835732,30447719083.839851,
20166309299.499615,11055848407.779444,17990839737.515766,17574537756.473034,18421008125.759956,
41952909280.905762,31700203118.920364,43473464467.547562,40051727923.316414,33478312262.241066,
31678573151.197575,23787051138.137829,32955890688.828403,26347009162.886284,18140136796.560684,
33385894129.555042,25270875915.255051,29695199399.280319,26204528300.284866,23131019767.675163,

5,5
15639955838.509239,7030355567.750508,28628663499.086563,19073076402.402920,25418025739.516304,
22823185982.500626,17459300039.377903,44179560759.623329,24287318081.973110,29562888783.526997,
26475812692.663834,17087067384.429689,48275196786.583519,23094497451.212006,32897443570.351685,
12382022384.555826,6797249704.213962,24423234548.405556,17478304063.403721,21067422831.003471,
24613916856.704838,18025839955.329479,51266065140.360687,26402965246.096725,30414820045.247742,

10,10
40176891615.898117,47329177000.409248,29836471350.278858,30006422629.339378,30694208854.816357,31754938340.715225,41436647202.696335,21986506383.133919,28171524512.182663,30536204255.169006,
45000251101.320671,52053718925.321266,39709505177.443367,49773591919.923248,34347240399.385746,39356675685.972351,55463557550.591187,24752925245.964554,37620610129.618202,39457426490.861343,
51575963083.326233,58194345687.138298,38326946608.691376,39965180519.026230,36787433332.616898,41633334064.854805,47214306574.620537,24758797496.502277,36449964682.091011,44197914146.558258,
57038695707.575569,66251236137.840263,45261756006.309731,69343441060.202347,50791343521.338722,51473218546.314499,73331257463.217392,33625467210.183868,54010021943.198036,53355268149.097466,
52332990812.578484,57645508227.110565,40879394440.287704,49388548880.368896,37419990179.043991,42814392848.482658,55606533483.155243,28945894060.955662,38345270619.730591,48637485300.719078,
47979594585.526184,51875081313.698570,43824326520.839447,53014391725.452026,45224239811.509277,42823425510.997292,62331493756.578346,35492325828.574928,47521605256.736427,40870736303.689568,
49439478777.359840,56356412325.868774,46689839354.963470,52829047937.308952,45342001799.939102,42563806393.213058,59022739948.324150,35947304502.440178,48894122023.676796,46128430553.849487,
40177115192.305748,50966567215.721741,31205669162.099724,41577487576.515701,30777095795.460350,30751930801.835751,43881762698.697731,19699266093.943142,26053946021.571922,30138828747.379189,
47593829204.256264,52296956307.922325,41947689876.490173,52572959281.643936,37044987898.608963,41254784385.341782,54402164177.832870,24953521663.195068,43213798529.946373,44045865305.874214,
53436900155.492767,55443138673.100555,37592767146.789894,57838984111.537193,39736456478.870773,39741347361.847626,62483313263.639717,22893131593.995869,40161685134.274971,38134424393.535248,

11,11
35048027941.907104,22123338700.852879,19516399601.165138,32394960038.609631,29189032926.956032,26084574774.907013,16608939286.449625,13042402448.303741,26925115152.362106,23818159662.529427,27324987119.866554,
25841251874.822430,19837311078.487514,13699460691.053867,24193528824.173103,22883279409.166885,20010303832.452023,13764235405.299513,14941137997.441431,20451285561.148369,16197535160.167919,21078443222.434437,
57376788476.359070,37288404193.307701,30972016531.511414,58869104789.408783,52430952699.753807,45162654282.455040,35091212922.887077,35401156788.100731,45599899772.846626,46139150937.702332,56776651340.492691,
47689830595.282028,31740165280.212395,27647992060.110069,46037597638.484367,38412397958.426147,37210096666.418365,26437244892.658165,30159372571.874508,39503314555.401253,34898989741.790955,43554333143.249756,
43748313738.509315,28052510582.896606,25372981880.257191,40163489948.884956,33158476440.131676,33149743970.143883,25628533425.915821,32980621998.191544,36304425630.347977,34482440349.440552,45775206903.049873,
35932814393.960449,21455348186.495438,15760136250.069244,32105900037.296211,31939844328.889889,16116758490.400251,18257798691.076920,17078468134.699570,33381009346.114952,19063047618.926991,28932518957.300068,
40338570167.690025,28073649850.172325,25625290159.901169,41292888928.414940,36933840570.637230,19706898959.281338,23936712751.677814,29233231862.006805,40801944663.655334,35502994123.870865,38707119440.311707,
35161993923.076912,26595693954.055153,25952105306.885002,38528948465.423248,30191032131.405224,32099774208.807884,21423968152.293613,27542974559.607845,31758273490.748543,38023100455.234810,40945378031.818245,
34441590076.054527,21578606912.195915,21205124591.792000,39384045354.602142,29528109225.661301,32275782608.556385,18986798408.554913,16604756862.096935,24356058544.762089,33916461145.032921,30456345509.703114,
30318038998.845772,15834558706.395248,19871361648.946171,31627730809.341221,21615734708.691078,16145854801.238712,15479288181.485546,19667439844.604240,31556814351.471478,28871927805.619595,30187953820.734421,
44415655270.644730,28795652676.656258,26760738877.650051,48171735941.506485,46192203816.833405,26834092840.258133,26856875965.867504,22097331834.549149,42295464805.568405,37051496918.678604,41624814198.300194,

4,4
28609586266.622711,23392068163.102913,20509599997.974224,23485859348.753941,
32859972617.566563,22217900405.578682,24839261467.411591,26644568233.239777,
30663871319.404778,22911511095.979366,28258219234.996925,36125367401.096085,
40510560991.071159,25308093025.988625,33309209308.156116,37785269932.992783,

10,10
33682518053.706951,39240757241.408401,44417000530.736801,41246564518.739586,40255224250.303062,31471005890.099243,31780265185.407272,22533021174.911224,27897226547.938477,43215932219.080322,
40658175661.797005,36011861788.283096,50385666745.845078,46947839147.140892,47291867525.801102,30908963847.219120,33810016860.106350,26270710849.660141,41561259588.551559,42640772399.362007,
46830991256.228096,39824691162.518204,45320149044.072601,39733176565.259888,50152173464.418770,37150425367.733154,34876408903.603958,32414424225.026039,34915420604.952126,49712261892.917374,
38574859955.935593,28858580977.373276,46347701223.558357,43743177978.367897,42039601961.853058,27657809178.818298,29444102289.148773,24005504090.477230,35997864730.695084,41136529667.407852,
32658519686.482388,39672927722.093033,46372648312.178787,39255517313.917183,33461816052.643616,30070183566.164864,37357012424.464661,19087736499.968822,33392472343.592716,37765577643.160370,
40223916671.416046,41646366572.559975,48437524670.467293,40632032178.675552,35687877992.937073,24496551530.005657,33881023751.997726,23735654266.983532,38559408324.365791,47319812189.679588,
57976595494.561600,42971115401.534210,55644739248.593987,50317579263.126228,53905368075.913635,34932268190.263123,39909077217.286659,32602813842.628998,44930585053.734169,54690740454.138733,
60237208732.210350,48757824779.840660,65144257496.785744,57215107093.365807,61771596327.145683,44974659660.827316,48626588405.534225,40315765430.530701,50725526715.591362,66140977214.266922,
19682810309.027664,31959914374.747723,32270954294.826847,31556317940.089363,29826928239.655991,24313294260.301826,21983782341.984222,19271340674.969536,21020096487.874874,38445363563.560265,
39205508015.033653,44132406447.700348,49771227805.981689,44070649067.257751,46773936427.528732,36427007678.291389,35899412543.602982,31320886893.980026,38539718388.591705,52647423451.175667,

3,3
4984805862.730470,7245716380.692386,9854768107.944822,
2705219517.624042,3932199951.610657,5348114201.717058,
5826475413.177363,8469133905.214103,11518716207.746836,

4,4
54172850598.325394,37271051143.927704,55437952014.021652,56162098492.269745,
52962713651.085289,34657049468.685913,47630198852.288620,68009996416.370155,
43299137049.162704,25047750055.753178,35966226253.394844,48873098106.742821,
56193929293.817093,40337003113.502953,46084183068.446281,64737667872.518318,

1,1
40738421069.494118,

5,5
39161704234.493103,28101476761.378265,36169367408.249115,31087348529.835732,30447719083.839851,
20166309299.499615,11055848407.779444,17990839737.515766,17574537756.473034,18421008125.759956,
41952909280.905762,31700203118.920364,43473464467.547562,40051727923.316414,33478312262.241066,
31678573151.197575,23787051138.137829,32955890688.828403,26347009162.886284,18140136796.560684,
33385894129.555042,25270875915.255051,29695199399.280319,26204528300.284866,23131019767.675163,

5,5
15639955838.509239,7030355567.750508,28628663499.086563,19073076402.402920,25418025739.516304,
22823185982.500626,17459300039.377903,44179560759.623329,24287318081.973110,29562888783.526997,
26475812692.663834,17087067384.429689,48275196786.583519,23094497451.212006,32897443570.351685,
12382022384.555826,6797249704.213962,24423234548.405556,17478304063.403721,21067422831.003471,
24613916856.704838,18025839955.329479,51266065140.360687,26402965246.096725,30414820045.247742,

10,10
40176891615.898117,47329177000.409248,29836471350.278858,30006422629.339378,30694208854.816357,31754938340.715225,41436647202.696335,21986506383.133919,28171524512.182663,30536204255.169006,
45000251101.320671,52053718925.321266,39709505177.443367,49773591919.923248,34347240399.385746,39356675685.972351,55463557550.591187,24752925245.964554,37620610129.618202,39457426490.861343,
51575963083.326233,58194345687.138298,38326946608.691376,39965180519.026230,36787433332.616898,41633334064.854805,47214306574.620537,24758797496.502277,36449964682.091011,44197914146.558258,
57038695707.575569,66251236137.840263,45261756006.309731,69343441060.202347,50791343521.338722,51473218546.314499,73331257463.217392,33625467210.183868,54010021943.198036,53355268149.097466,
52332990812.578484,57645508227.110565,40879394440.287704,49388548880.368896,37419990179.043991,42814392848.482658,55606533483.155243,28945894060.955662,38345270619.730591,48637485300.719078,
47979594585.526184,51875081313.698570,43824326520.839447,53014391725.452026,45224239811.509277,42823425510.997292,62331493756.578346,35492325828.574928,47521605256.736427,40870736303.689568,
49439478777.359840,56356412325.868774,46689839354.963470,52829047937.308952,45342001799.939102,42563806393.213058,59022739948.324150,35947304502.440178,48894122023.676796,46128430553.849487,
40177115192.305748,50966567215.721741,31205669162.099724,41577487576.515701,30777095795.460350,30751930801.835751,43881762698.697731,19699266093.943142,26053946021.571922,30138828747.379189,
47593829204.256264,52296956307.922325,41947689876.490173,52572959281.643936,37044987898.608963,41254784385.341782,54402164177.832870,24953521663.195068,43213798529.946373,44045865305.874214,
53436900155.492767,55443138673.100555,37592767146.789894,57838984111.537193,39736456478.870773,39741347361.847626,62483313263.639717,22893131593.995869,40161685134.274971,38134424393.535248,

11,11
35048027941.907104,22123338700.852879,19516399601.165138,32394960038.609631,29189032926.956032,26084574774.907013,16608939286.449625,13042402448.303741,26925115152.362106,23818159662.529427,27324987119.866554,
25841251874.822430,19837311078.487514,13699460691.053867,24193528824.173103,22883279409.166885,20010303832.452023,13764235405.299513,14941137997.441431,20451285561.148369,16197535160.167919,21078443222.434437,
57376788476.359070,37288404193.307701,30972016531.511414,58869104789.408783,52430952699.753807,45162654282.455040,35091212922.887077,35401156788.100731,45599899772.846626,46139150937.702332,56776651340.492691,
47689830595.282028,31740165280.212395,27647992060.110069,46037597638.484367,38412397958.426147,37210096666.418365,26437244892.658165,30159372571.874508,39503314555.401253,34898989741.790955,43554333143.249756,
43748313738.509315,28052510582.896606,25372981880.257191,40163489948.884956,33158476440.131676,33149743970.143883,25628533425.915821,32980621998.191544,36304425630.347977,34482440349.440552,45775206903.049873,
35932814393.960449,21455348186.495438,15760136250.069244,32105900037.296211,31939844328.889889,16116758490.400251,18257798691.076920,17078468134.699570,33381009346.114952,19063047618.926991,28932518957.300068,
40338570167.690025,28073649850.172325,25625290159.901169,41292888928.414940,36933840570.637230,19706898959.281338,23936712751.677814,29233231862.006805,40801944663.655334,35502994123.870865,38707119440.311707,
35161993923.076912,26595693954.055153,25952105306.885002,38528948465.423248,30191032131.405224,32099774208.807884,21423968152.293613,27542974559.607845,31758273490.748543,38023100455.234810,40945378031.818245,
34441590076.054527,21578606912.195915,21205124591.792000,39384045354.602142,29528109225.661301,32275782608.556385,18986798408.554913,16604756862.096935,24356058544.762089,33916461145.032921,30456345509.703114,
30318038998.845772,15834558706.395248,19871361648.946171,31627730809.341221,21615734708.691078,16145854801.238712,15479288181.485546,19667439844.604240,31556814351.471478,28871927805.619595,30187953820.734421,
44415655270.644730,28795652676.656258,26760738877.650051,48171735941.506485,46192203816.833405,26834092840.258133,26856875965.867504,22097331834.549149,42295464805.568405,37051496918.678604,41624814198.300194,

4,4
28609586266.622711,23392068163.102913,20509599997.974224,23485859348.753941,
32859972617.566563,22217900405.578682,24839261467.411591,26644568233.239777,
30663871319.404778,22911511095.979366,28258219234.996925,36125367401.096085,
40510560991.071159,25308093025.988625,33309209308.156116,37785269932.992783,

10,10
33682518053.706951,39240757241.408401,44417000530.736801,41246564518.739586,40255224250.303062,31471005890.099243,31780265185.407272,22533021174.911224,27897226547.938477,43215932219.080322,
40658175661.797005,36011861788.283096,50385666745.845078,46947839147.140892,47291867525.801102,30908963847.219120,33810016860.106350,26270710849.660141,41561259588.551559,42640772399.362007,
46830991256.228096,39824691162.518204,45320149044.072601,39733176565.259888,50152173464.418770,37150425367.733154,34876408903.603958,32414424225.026039,34915420604.952126,49712261892.917374,
38574859955.935593,28858580977.373276,46347701223.558357,43743177978.367897,42039601961.853058,27657809178.818298,29444102289.148773,24005504090.477230,35997864730.695084,41136529667.407852,
32658519686.482388,39672927722.093033,46372648312.178787,39255517313.917183,33461816052.643616,30070183566.164864,37357012424.464661,19087736499.968822,33392472343.592716,37765577643.160370,
40223916671.416046,41646366572.559975,48437524670.467293,40632032178.675552,35687877992.937073,24496551530.005657,33881023751.997726,23735654266.983532,38559408324.365791,47319812189.679588,
57976595494.561600,42971115401.534210,55644739248.593987,50317579263.126228,53905368075.913635,34932268190.263123,39909077217.286659,32602813842.628998,44930585053.734169,54690740454.138733,
60237208732.210350,48757824779.840660,65144257496.785744,57215107093.365807,61771596327.145683,44974659660.827316,48626588405.534225,40315765430.530701,50725526715.591362,66140977214.266922,
19682810309.027664,31959914374.747723,32270954294.826847,31556317940.089363,29826928239.655991,24313294260.301826,21983782341.984222,19271340674.969536,21020096487.874874,38445363563.560265,
39205508015.033653,44132406447.700348,49771227805.981689,44070649067.257751,46773936427.528732,36427007678.291389,35899412543.602982,31320886893.980026,38539718388.591705,52647423451.175667,

3,3
4984805862.730470,7245716380.692386,9854768107.944822,
2705219517.624042,3932199951.610657,5348114201.717058,
5826475413.177363,8469133905.214103,11518716207.746836,

4,4
54172850598.325394,37271051143.927704,55437952014.021652,56162098492.269745,
52962713651.085289,34657049468.685913,47630198852.288620,68009996416.370155,
43299137049.162704,25047750055.753178,35966226253.394844,48873098106.742821,
56193929293.817093,40337003113.502953,46084183068.446281,64737667872.518318,

1,1
40738421069.494118,

5,5
39161704234.493103,28101476761.378265,36169367408.249115,31087348529.835732,30447719083.839851,
20166309299.499615,11055848407.779444,17990839737.515766,17574537756.473034,18421008125.759956,
41952909280.905762,31700203118.920364,43473464467.547562,40051727923.316414,33478312262.241066,
31678573151.197575,23787051138.137829,32955890688.828403,26347009162.886284,18140136796.560684,
33385894129.555042,25270875915.255051,29695199399.280319,26204528300.284866,23131019767.675163,

5,5
15639955838.509239,7030355567.750508,28628663499.086563,19073076402.402920,25418025739.516304,
22823185982.500626,17459300039.377903,44179560759.623329,24287318081.973110,29562888783.526997,
26475812692.663834,17087067384.429689,48275196786.583519,23094497451.212006,32897443570.351685,
12382022384.555826,6797249704.213962,24423234548.405556,17478304063.403721,21067422831.003471,
24613916856.704838,18025839955.329479,51266065140.360687,26402965246.096725,30414820045.247742,

10,10
40176891615.898117,47329177000.409248,29836471350.278858,30006422629.339378,30694208854.816357,31754938340.715225,41436647202.696335,21986506383.133919,28171524512.182663,30536204255.169006,
45000251101.320671,52053718925.321266,39709505177.443367,49773591919.923248,34347240399.385746,39356675685.972351,55463557550.591187,24752925245.964554,37620610129.618202,39457426490.861343,
51575963083.326233,58194345687.138298,38326946608.691376,39965180519.026230,36787433332.616898,41633334064.854805,47214306574.620537,24758797496.502277,36449964682.091011,44197914146.558258,
57038695707.575569,66251236137.840263,45261756006.309731,69343441060.202347,50791343521.338722,51473218546.314499,73331257463.217392,33625467210.183868,54010021943.198036,53355268149.097466,
52332990812.578484,57645508227.110565,40879394440.287704,49388548880.368896,37419990179.043991,42814392848.482658,55606533483.155243,28945894060.955662,38345270619.730591,48637485300.719078,
47979594585.526184,51875081313.698570,43824326520.839447,53014391725.452026,45224239811.509277,42823425510.997292,62331493756.578346,35492325828.574928,47521605256.736427,40870736303.689568,
49439478777.359840,56356412325.868774,46689839354.963470,52829047937.308952,45342001799.939102,42563806393.213058,59022739948.324150,35947304502.440178,48894122023.676796,46128430553.849487,
40177115192.305748,50966567215.721741,31205669162.099724,41577487576.515701,30777095795.460350,30751930801.835751,43881762698.697731,19699266093.943142,26053946021.571922,30138828747.379189,
47593829204.256264,52296956307.922325,41947689876.490173,52572959281.643936,37044987898.608963,41254784385.341782,54402164177.832870,24953521663.195068,43213798529.946373,44045865305.874214,
53436900155.492767,55443138673.100555,37592767146.789894,57838984111.537193,39736456478.870773,39741347361.847626,62483313263.639717,22893131593.995869,40161685134.274971,38134424393.535248,

11,11
35048027941.907104,22123338700.852879,19516399601.165138,32394960038.609631,29189032926.956032,26084574774.907013,16608939286.449625,13042402448.303741,26925115152.362106,23818159662.529427,27324987119.866554,
25841251874.822430,19837311078.487514,13699460691.053867,24193528824.173103,22883279409.166885,20010303832.452023,13764235405.299513,14941137997.441431,20451285561.148369,16197535160.167919,21078443222.434437,
57376788476.359070,37288404193.307701,30972016531.511414,58869104789.408783,52430952699.753807,45162654282.455040,35091212922.887077,35401156788.100731,45599899772.846626,46139150937.702332,56776651340.492691,
47689830595.282028,31740165280.212395,27647992060.110069,46037597638.484367,38412397958.426147,37210096666.418365,26437244892.658165,30159372571.874508,39503314555.401253,34898989741.790955,43554333143.249756,
43748313738.509315,28052510582.896606,25372981880.257191,40163489948.884956,33158476440.131676,33149743970.143883,25628533425.915821,32980621998.191544,36304425630.347977,34482440349.440552,45775206903.049873,
35932814393.960449,21455348186.495438,15760136250.069244,32105900037.296211,31939844328.889889,16116758490.400251,18257798691.076920,17078468134.699570,33381009346.114952,19063047618.926991,28932518957.300068,
40338570167.690025,28073649850.172325,25625290159.901169,41292888928.414940,36933840570.637230,19706898959.281338,23936712751.677814,29233231862.006805,40801944663.655334,35502994123.870865,38707119440.311707,
35161993923.076912,26595693954.055153,25952105306.885002,38528948465.423248,30191032131.405224,32099774208.807884,21423968152.293613,27542974559.607845,31758273490.748543,38023100455.234810,40945378031.818245,
34441590076.054527,21578606912.195915,21205124591.792000,39384045354.602142,29528109225.661301,32275782608.556385,18986798408.554913,16604756862.096935,24356058544.762089,33916461145.032921,30456345509.703114,
30318038998.845772,15834558706.395248,19871361648.946171,31627730809.341221,21615734708.691078,16145854801.238712,15479288181.485546,19667439844.604240,31556814351.471478,28871927805.619595,30187953820.734421,
44415655270.644730,28795652676.656258,26760738877.650051,48171735941.506485,46192203816.833405,26834092840.258133,26856875965.867504,22097331834.549149,42295464805.568405,37051496918.678604,41624814198.300194,

4,4
28609586266.622711,23392068163.102913,20509599997.974224,23485859348.753941,
32859972617.566563,22217900405.578682,24839261467.411591,26644568233.239777,
30663871319.404778,22911511095.979366,28258219234.996925,36125367401.096085,
40510560991.071159,25308093025.988625,33309209308.156116,37785269932.992783,

10,10
33682518053.706951,39240757241.408401,44417000530.736801,41246564518.739586,40255224250.303062,31471005890.099243,31780265185.407272,22533021174.911224,27897226547.938477,43215932219.080322,
40658175661.797005,36011861788.283096,50385666745.845078,46947839147.140892,47291867525.801102,30908963847.219120,33810016860.106350,26270710849.660141,41561259588.551559,42640772399.362007,
46830991256.228096,39824691162.518204,45320149044.072601,39733176565.259888,50152173464.418770,37150425367.733154,34876408903.603958,32414424225.026039,34915420604.952126,49712261892.917374,
38574859955.935593,28858580977.373276,46347701223.558357,43743177978.367897,42039601961.853058,27657809178.818298,29444102289.148773,24005504090.477230,35997864730.695084,41136529667.407852,
32658519686.482388,39672927722.093033,46372648312.178787,39255517313.917183,33461816052.643616,30070183566.164864,37357012424.464661,19087736499.968822,33392472343.592716,37765577643.160370,
40223916671.416046,41646366572.559975,48437524670.467293,40632032178.675552,35687877992.937073,24496551530.005657,33881023751.997726,23735654266.983532,38559408324.365791,47319812189.679588,
57976595494.561600,42971115401.534210,55644739248.593987,50317579263.126228,53905368075.913635,34932268190.263123,39909077217.286659,32602813842.628998,44930585053.734169,54690740454.138733,
60237208732.210350,48757824779.840660,65144257496.785744,57215107093.365807,61771596327.145683,44974659660.827316,48626588405.534225,40315765430.530701,50725526715.591362,66140977214.266922,
19682810309.027664,31959914374.747723,32270954294.826847,31556317940.089363,29826928239.655991,24313294260.301826,21983782341.984222,19271340674.969536,21020096487.874874,38445363563.560265,
39205508015.033653,44132406447.700348,49771227805.981689,44070649067.257751,46773936427.528732,36427007678.291389,35899412543.602982,31320886893.980026,38539718388.591705,52647423451.175667,

3,3
4984805862.730470,7245716380.692386,9854768107.944822,
2705219517.624042,3932199951.610657,5348114201.717058,
5826475413.177363,8469133905.214103,11518716207.746836,

4,4
54172850598.325394,37271051143.927704,55437952014.021652,56162098492.269745,
52962713651.085289,34657049468.685913,47630198852.288620,68009996416.370155,
43299137049.162704,25047750055.753178,35966226253.394844,48873098106.742821,
56193929293.817093,40337003113.502953,46084183068.446281,64737667872.518318,

1,1
40738421069.494118,

5,5
39161704234.493103,28101476761.378265,36169367408.249115,31087348529.835732,30447719083.839851,
20166309299.499615,11055848407.779444,17990839737.515766,17574537756.473034,18421008125.759956,
41952909280.905762,31700203118.920364,43473464467.547562,40051727923.316414,33478312262.241066,
31678573151.197575,23787051138.137829,32955890688.828403,26347009162.886284,18140136796.560684,
33385894129.555042,25270875915.255051,29695199399.280319,26204528300.284866,23131019767.675163,

5,5
15639955838.509239,7030355567.750508,28628663499.086563,19073076402.402920,25418025739.516304,
22823185982.500626,17459300039.377903,44179560759.623329,24287318081.973110,29562888783.526997,
26475812692.663834,17087067384.429689,48275196786.583519,23094497451.212006,32897443570.351685,
12382022384.555826,6797249704.213962,24423234548.405556,17478304063.403721,21067422831.003471,
24613916856.704838,18025839955.329479,51266065140.360687,26402965246.096725,30414820045.247742,

10,10
40176891615.898117,47329177000.409248,29836471350.278858,30006422629.339378,30694208854.816357,31754938340.715225,41436647202.696335,21986506383.133919,28171524512.182663,30536204255.169006,
45000251101.320671,52053718925.321266,39709505177.443367,49773591919.923248,34347240399.385746,39356675685.972351,55463557550.591187,24752925245.964554,37620610129.618202,39457426490.861343,
51575963083.326233,58194345687.138298,38326946608.691376,39965180519.026230,36787433332.616898,41633334064.854805,47214306574.620537,24758797496.502277,36449964682.091011,44197914146.558258,
57038695707.575569,66251236137.840263,45261756006.309731,69343441060.202347,50791343521.338722,51473218546.314499,73331257463.217392,33625467210.183868,54010021943.198036,53355268149.097466,
52332990812.578484,57645508227.110565,40879394440.287704,49388548880.368896,37419990179.043991,42814392848.482658,55606533483.155243,28945894060.955662,38345270619.730591,48637485300.719078,
47979594585.526184,51875081313.698570,43824326520.839447,53014391725.452026,45224239811.509277,42823425510.997292,62331493756.578346,35492325828.574928,47521605256.736427,40870736303.689568,
49439478777.359840,56356412325.868774,46689839354.963470,52829047937.308952,45342001799.939102,42563806393.213058,59022739948.324150,35947304502.440178,48894122023.676796,46128430553.849487,
40177115192.305748,50966567215.721741,31205669162.099724,41577487576.515701,30777095795.460350,30751930801.835751,43881762698.697731,19699266093.943142,26053946021.571922,30138828747.379189,
47593829204.256264,52296956307.922325,41947689876.490173,52572959281.643936,37044987898.608963,41254784385.341782,54402164177.832870,24953521663.195068,43213798529.946373,44045865305.874214,
53436900155.492767,55443138673.100555,37592767146.789894,57838984111.537193,39736456478.870773,39741347361.847626,62483313263.639717,22893131593.995869,40161685134.274971,38134424393.535248,

11,11
35048027941.907104,22123338700.852879,19516399601.165138,32394960038.609631,29189032926.956032,26084574774.907013,16608939286.449625,13042402448.303741,26925115152.362106,23818159662.529427,27324987119.866554,
25841251874.822430,19837311078.487514,13699460691.053867,24193528824.173103,22883279409.166885,20010303832.452023,13764235405.299513,14941137997.441431,20451285561.148369,16197535160.167919,21078443222.434437,
57376788476.359070,37288404193.307701,30972016531.511414,58869104789.408783,52430952699.753807,45162654282.455040,35091212922.887077,35401156788.100731,45599899772.846626,46139150937.702332,56776651340.492691,
47689830595.282028,31740165280.212395,27647992060.110069,46037597638.484367,38412397958.426147,37210096666.418365,26437244892.658165,30159372571.874508,39503314555.401253,34898989741.790955,43554333143.249756,
43748313738.509315,28052510582.896606,25372981880.257191,40163489948.884956,33158476440.131676,33149743970.143883,25628533425.915821,32980621998.191544,36304425630.347977,34482440349.440552,45775206903.049873,
35932814393.960449,21455348186.495438,15760136250.069244,32105900037.296211,31939844328.889889,16116758490.400251,18257798691.076920,17078468134.699570,33381009346.114952,19063047618.926991,28932518957.300068,
40338570167.690025,28073649850.172325,25625290159.901169,41292888928.414940,36933840570.637230,19706898959.281338,23936712751.677814,29233231862.006805,40801944663.655334,35502994123.870865,38707119440.311707,
35161993923.076912,26595693954.055153,25952105306.885002,38528948465.423248,30191032131.405224,32099774208.807884,21423968152.293613,27542974559.607845,31758273490.748543,38023100455.234810,40945378031.818245,
34441590076.054527,21578606912.195915,21205124591.792000,39384045354.602142,29528109225.661301,32275782608.556385,18986798408.554913,16604756862.096935,24356058544.762089,33916461145.032921,30456345509.703114,
30318038998.845772,15834558706.395248,19871361648.946171,31627730809.341221,21615734708.691078,16145854801.238712,15479288181.485546,19667439844.604240,31556814351.471478,28871927805.619595,30187953820.734421,
44415655270.644730,28795652676.656258,26760738877.650051,48171735941.506485,46192203816.833405,26834092840.258133,26856875965.867504,22097331834.549149,42295464805.568405,37051496918.678604,41624814198.300194,

4,4
28609586266.622711,23392068163.102913,20509599997.974224,23485859348.753941,
32859972617.566563,22217900405.578682,24839261467.411591,26644568233.239777,
30663871319.404778,22911511095.979366,28258219234.996925,36125367401.096085,
40510560991.071159,25308093025.988625,33309209308.156116,37785269932.992783,

10,10
33682518053.706951,39240757241.408401,44417000530.736801,41246564518.739586,40255224250.303062,31471005890.099243,31780265185.407272,22533021174.911224,27897226547.938477,43215932219.080322,
40658175661.797005,36011861788.283096,50385666745.845078,46947839147.140892,47291867525.801102,30908963847.219120,33810016860.106350,26270710849.660141,41561259588.551559,42640772399.362007,
46830991256.228096,39824691162.518204,45320149044.072601,39733176565.259888,50152173464.418770,37150425367.733154,34876408903.603958,32414424225.026039,34915420604.952126,49712261892.917374,
38574859955.935593,28858580977.373276,46347701223.558357,43743177978.367897,42039601961.853058,27657809178.818298,29444102289.148773,24005504090.477230,35997864730.695084,41136529667.407852,
32658519686.482388,39672927722.093033,46372648312.178787,39255517313.917183,33461816052.643616,30070183566.164864,37357012424.464661,19087736499.968822,33392472343.592716,37765577643.160370,
40223916671.416046,41646366572.559975,48437524670.467293,40632032178.675552,35687877992.937073,24496551530.005657,33881023751.997726,23735654266.983532,38559408324.365791,47319812189.679588,
57976595494.561600,42971115401.534210,55644739248.593987,50317579263.126228,53905368075.913635,34932268190.263123,39909077217.286659,32602813842.628998,44930585053.734169,54690740454.138733,
60237208732.210350,48757824779.840660,65144257496.785744,57215107093.365807,61771596327.145683,44974659660.827316,48626588405.534225,40315765430.530701,50725526715.591362,66140977214.266922,
19682810309.027664,31959914374.747723,32270954294.826847,31556317940.089363,29826928239.655991,24313294260.301826,21983782341.984222,19271340674.969536,21020096487.874874,38445363563.560265,
39205508015.033653,44132406447.700348,49771227805.981689,44070649067.257751,46773936427.528732,36427007678.291389,35899412543.602982,31320886893.980026,38539718388.591705,52647423451.175667,

3,3
4984805862.730470,7245716380.692386,9854768107.944822,
2705219517.624042,3932199951.610657,5348114201.717058,
5826475413.177363,8469133905.214103,11518716207.746836,

4,4
54172850598.325394,37271051143.927704,55437952014.021652,56162098492.269745,
52962713651.085289,34657049468.685913,47630198852.288620,68009996416.370155,
43299137049.162704,25047750055.753178,35966226253.394844,48873098106.742821,
56193929293.817093,40337003113.502953,46084183068.446281,64737667872.518318,

1,1
40738421069.494118,

5,5
39161704234.493103,28101476761.378265,36169367408.249115,31087348529.835732,30447719083.839851,
20166309299.499615,11055848407.779444,17990839737.515766,17574537756.473034,18421008125.759956,
41952909280.905762,31700203118.920364,43473464467.547562,40051727923.316414,33478312262.241066,
31678573151.197575,23787051138.137829,32955890688.828403,26347009162.886284,18140136796.560684,
33385894129.555042,25270875915.255051,29695199399.280319,26204528300.284866,23131019767.675163,

5,5
15639955838.509239,7030355567.750508,28628663499.086563,19073076402.402920,25418025739.516304,
22823185982.500626,17459300039.377903,44179560759.623329,24287318081.973110,29562888783.526997,
26475812692.663834,17087067384.429689,48275196786.583519,23094497451.212006,32897443570.351685,
12382022384.555826,6797249704.213962,24423234548.405556,17478304063.403721,21067422831.003471,
24613916856.704838,18025839955.329479,51266065140.360687,26402965246.096725,30414820045.247742,

10,10
40176891615.898117,47329177000.409248,29836471350.278858,30006422629.339378,30694208854.816357,31754938340.715225,41436647202.696335,21986506383.133919,28171524512.182663,30536204255.169006,
45000251101.320671,52053718925.321266,39709505177.443367,49773591919.923248,34347240399.385746,39356675685.972351,55463557550.591187,24752925245.964554,37620610129.618202,39457426490.861343,
51575963083.326233,58194345687.138298,38326946608.691376,39965180519.026230,36787433332.616898,41633334064.854805,47214306574.620537,24758797496.502277,36449964682.091011,44197914146.558258,
57038695707.575569,66251236137.840263,45261756006.309731,69343441060.202347,50791343521.338722,51473218546.314499,73331257463.217392,33625467210.183868,54010021943.198036,53355268149.097466,
52332990812.578484,57645508227.110565,40879394440.287704,49388548880.368896,37419990179.043991,42814392848.482658,55606533483.155243,28945894060.955662,38345270619.730591,48637485300.719078,
47979594585.526184,51875081313.698570,43824326520.839447,53014391725.452026,45224239811.509277,42823425510.997292,62331493756.578346,35492325828.574928,47521605256.736427,40870736303.689568,
49439478777.359840,56356412325.868774,46689839354.963470,52829047937.308952,45342001799.939102,42563806393.213058,59022739948.324150,35947304502.440178,48894122023.676796,46128430553.849487,
40177115192.305748,50966567215.721741,31205669162.099724,41577487576.515701,30777095795.460350,30751930801.835751,43881762698.697731,19699266093.943142,26053946021.571922,30138828747.379189,
47593829204.256264,52296956307.922325,41947689876.490173,52572959281.643936,37044987898.608963,41254784385.341782,54402164177.832870,24953521663.195068,43213798529.946373,44045865305.874214,
53436900155.492767,55443138673.100555,37592767146.789894,57838984111.537193,39736456478.870773,39741347361.847626,62483313263.639717,22893131593.995869,40161685134.274971,38134424393.535248,

11,11
35048027941.907104,22123338700.852879,19516399601.165138,32394960038.609631,29189032926.956032,26084574774.907013,16608939286.449625,13042402448.303741,26925115152.362106,23818159662.529427,27324987119.866554,
25841251874.822430,19837311078.487514,13699460691.053867,24193528824.173103,22883279409.166885,20010303832.452023,13764235405.299513,14941137997.441431,20451285561.148369,16197535160.167919,21078443222.434437,
57376788476.359070,37288404193.307701,30972016531.511414,58869104789.408783,52430952699.753807,45162654282.455040,35091212922.887077,35401156788.100731,45599899772.846626,46139150937.702332,56776651340.492691,
47689830595.282028,31740165280.212395,27647992060.110069,46037597638.484367,38412397958.426147,37210096666.418365,26437244892.658165,30159372571.874508,39503314555.401253,34898989741.790955,43554333143.249756,
43748313738.509315,28052510582.896606,25372981880.257191,40163489948.884956,33158476440.131676,33149743970.143883,25628533425.915821,32980621998.191544,36304425630.347977,34482440349.440552,45775206903.049873,
35932814393.960449,21455348186.495438,15760136250.069244,32105900037.296211,31939844328.889889,16116758490.400251,18257798691.076920,17078468134.699570,33381009346.114952,19063047618.926991,28932518957.300068,
40338570167.690025,28073649850.172325,25625290159.901169,41292888928.414940,36933840570.637230,19706898959.281338,23936712751.677814,29233231862.006805,40801944663.655334,35502994123.870865,38707119440.311707,
35161993923.076912,26595693954.055153,25952105306.885002,38528948465.423248,30191032131.405224,32099774208.807884,21423968152.293613,27542974559.607845,31758273490.748543,38023100455.234810,40945378031.818245,
34441590076.054527,21578606912.195915,21205124591.792000,39384045354.602142,29528109225.661301,32275782608.556385,18986798408.554913,16604756862.096935,24356058544.762089,33916461145.032921,30456345509.703114,
30318038998.845772,15834558706.395248,19871361648.946171,31627730809.341221,21615734708.691078,16145854801.238712,15479288181.485546,19667439844.604240,31556814351.471478,28871927805.619595,30187953820.734421,
44415655270.644730,28795652676.656258,26760738877.650051,48171735941.506485,46192203816.833405,26834092840.258133,26856875965.867504,22097331834.549149,42295464805.568405,37051496918.678604,41624814198.300194,

4,4
28609586266.622711,23392068163.102913,20509599997.974224,23485859348.753941,
32859972617.566563,22217900405.578682,24839261467.411591,26644568233.239777,
30663871319.404778,22911511095.979366,28258219234.996925,36125367401.096085,
40510560991.071159,25308093025.988625,33309209308.156116,37785269932.992783,

10,10
33682518053.706951,39240757241.408401,44417000530.736801,41246564518.739586,40255224250.303062,31471005890.099243,31780265185.407272,22533021174.911224,27897226547.938477,43215932219.080322,
40658175661.797005,36011861788.283096,50385666745.845078,46947839147.140892,47291867525.801102,30908963847.219120,33810016860.106350,26270710849.660141,41561259588.551559,42640772399.362007,
46830991256.228096,39824691162.518204,45320149044.072601,39733176565.259888,50152173464.418770,37150425367.733154,34876408903.603958,32414424225.026039,34915420604.952126,49712261892.917374,
38574859955.935593,28858580977.373276,46347701223.558357,43743177978.367897,42039601961.853058,27657809178.818298,29444102289.148773,24005504090.477230,35997864730.695084,41136529667.407852,
32658519686.482388,39672927722.093033,46372648312.178787,39255517313.917183,33461816052.643616,30070183566.164864,37357012424.464661,19087736499.968822,33392472343.592716,37765577643.160370,
40223916671.416046,41646366572.559975,48437524670.467293,40632032178.675552,35687877992.937073,24496551530.005657,33881023751.997726,23735654266.983532,38559408324.365791,47319812189.679588,
57976595494.561600,42971115401.534210,55644739248.593987,50317579263.126228,53905368075.913635,34932268190.263123,39909077217.286659,32602813842.628998,44930585053.734169,54690740454.138733,
60237208732.210350,48757824779.840660,65144257496.785744,57215107093.365807,61771596327.145683,44974659660.827316,48626588405.534225,40315765430.530701,50725526715.591362,66140977214.266922,
19682810309.027664,31959914374.747723,32270954294.826847,31556317940.089363,29826928239.655991,24313294260.301826,21983782341.984222,19271340674.969536,21020096487.874874,38445363563.560265,
39205508015.033653,44132406447.700348,49771227805.981689,44070649067.257751,46773936427.528732,36427007678.291389,35899412543.602982,31320886893.980026,38539718388.591705,52647423451.175667,

